H, [(1, 1), (1, 2)]
LH, [(1, 1), (2, 2)]
HL, [(1, 1), (2, 2)]
LH, [(1, 1), (2, 2), (2, 3)]
LHL, [(1, 1), (2, 2), (3, 3)]
LH, [(1, 1), (1, 2), (2, 3)]
H, [(1, 1), (1, 2), (1, 3)]
HL, [(1, 1), (1, 2), (2, 3)]
LH, [(1, 1), (1, 2), (1, 3), (2, 4)]
HLH, [(1, 1), (2, 2), (3, 3)]
LHL, [(1, 1), (2, 2), (3, 2)]
L, [(1, 1), (1, 2)]
H, [(1, 1)]
H, [(1, 1), (1, 2), (1, 3), (1, 4)]
LHLH, [(1, 1), (2, 2), (3, 3), (4, 4)]
HLH, [(1, 1), (2, 1), (3, 2)]
HLHL, [(1, 1), (2, 1), (3, 2), (4, 3)]
LHL, [(1, 1), (2, 2), (2, 3), (3, 4)]
HL, [(1, 1), (2, 1)]
L, [(1, 1)]
HL, [(1, 1), (1, 2), (1, 3), (2, 4)]
HL, [(1, 1), (1, 2), (1, 3), (1, 4), (2, 5)]
HLH, [(1, 1), (1, 2), (2, 3), (3, 4)]
LHL, [(1, 1), (1, 2), (1, 3), (2, 4), (3, 5)]
HL, [(1, 1), (2, 2), (2, 3)]
LH, [(1, 1), (2, 2), (2, 3), (2, 4)]